CA	Piston position	D	E	F	G	H	I	J
180.00	90.407							
180.10	90.406							
180.20	90.405							
180.30	90.405							
180.40	90.403							
180.50	90.402							
180.60	90.401							
180.70	90.400							
180.80	90.398							
180.90	90.397							
181.00	90.395							
181.10	90.393							
181.20	90.391							
181.30	90.389							
181.40	90.387							
181.50	90.385							
181.60	90.383							
181.70	90.380							
181.80	90.378							
181.90	90.375							
182.00	90.372							
182.10	90.370							
182.20	90.367							
182.30	90.364							
182.40	90.361							
182.50	90.357							
182.60	90.354							
182.70	90.351							
182.80	90.347							
182.90	90.343							
183.00	90.340							
183.10	90.336							
183.20	90.332							
183.30	90.328							
183.40	90.324							
183.50	90.320							
183.60	90.315							
183.70	90.311							
183.80	90.306							
183.90	90.302							
184.00	90.297							
184.10	90.292							
184.20	90.287							
184.30	90.282							
184.40	90.277							
184.50	90.271							
184.60	90.266							
184.70	90.261							
184.80	90.255							
184.90	90.249							
185.00	90.244							
185.10	90.238							
185.20	90.232							
185.30	90.226							
185.40	90.219							
185.50	90.213							
185.60	90.207							
185.70	90.200							
185.80	90.194							
185.90	90.187							
186.00	90.180							
186.10	90.173							
186.20	90.166							
186.30	90.159							
186.40	90.152							
186.50	90.145							
186.60	90.137							
186.70	90.130							
186.80	90.122							
186.90	90.114							
187.00	90.106							
187.10	90.099							
187.20	90.090							
187.30	90.082							
187.40	90.074							
187.50	90.066							
187.60	90.057							
187.70	90.049							
187.80	90.040							
187.90	90.031							
188.00	90.023							
188.10	90.014							
188.20	90.005							
188.30	89.995							
188.40	89.986							
188.50	89.977							
188.60	89.967							
188.70	89.958							
188.80	89.948							
188.90	89.938							
189.00	89.928							
189.10	89.918							
189.20	89.908							
189.30	89.898							
189.40	89.888							
189.50	89.877							
189.60	89.867							
189.70	89.856							
189.80	89.846							
189.90	89.835							
190.00	89.824							
190.10	89.813							
190.20	89.802							
190.30	89.791							
190.40	89.779							
190.50	89.768							
190.60	89.756							
190.70	89.745							
190.80	89.733							
190.90	89.721							
191.00	89.709							
191.10	89.697							
191.20	89.685							
191.30	89.673							
191.40	89.661							
191.50	89.648							
191.60	89.636							
191.70	89.623							
191.80	89.610							
191.90	89.597							
192.00	89.584							
192.10	89.571							
192.20	89.558							
192.30	89.545							
192.40	89.532							
192.50	89.518							
192.60	89.505							
192.70	89.491							
192.80	89.477							
192.90	89.463							
193.00	89.449							
193.10	89.435							
193.20	89.421							
193.30	89.407							
193.40	89.392							
193.50	89.378							
193.60	89.363							
193.70	89.349							
193.80	89.334							
193.90	89.319							
194.00	89.304							
194.10	89.289							
194.20	89.274							
194.30	89.258							
194.40	89.243							
194.50	89.227							
194.60	89.212							
194.70	89.196							
194.80	89.180							
194.90	89.164							
195.00	89.148							
195.10	89.132							
195.20	89.116							
195.30	89.100							
195.40	89.083							
195.50	89.067							
195.60	89.050							
195.70	89.033							
195.80	89.017							
195.90	89.000							
196.00	88.983							
196.10	88.966							
196.20	88.948							
196.30	88.931							
196.40	88.914							
196.50	88.896							
196.60	88.878							
196.70	88.861							
196.80	88.843							
196.90	88.825							
197.00	88.807							
197.10	88.789							
197.20	88.770							
197.30	88.752							
197.40	88.733							
197.50	88.715							
197.60	88.696							
197.70	88.677							
197.80	88.659							
197.90	88.640							
198.00	88.621							
198.10	88.601							
198.20	88.582							
198.30	88.563							
198.40	88.543							
198.50	88.524							
198.60	88.504							
198.70	88.484							
198.80	88.464							
198.90	88.444							
199.00	88.424							
199.10	88.404							
199.20	88.384							
199.30	88.363							
199.40	88.343							
199.50	88.322							
199.60	88.302							
199.70	88.281							
199.80	88.260							
199.90	88.239							
200.00	88.218							
200.10	88.196							
200.20	88.175							
200.30	88.154							
200.40	88.132							
200.50	88.111							
200.60	88.089							
200.70	88.067							
200.80	88.045							
200.90	88.023							
201.00	88.001							
201.10	87.979							
201.20	87.956							
201.30	87.934							
201.40	87.911							
201.50	87.889							
201.60	87.866							
201.70	87.843							
201.80	87.820							
201.90	87.797							
202.00	87.774							
202.10	87.751							
202.20	87.727							
202.30	87.704							
202.40	87.680							
202.50	87.657							
202.60	87.633							
202.70	87.609							
202.80	87.585							
202.90	87.561							
203.00	87.537							
203.10	87.513							
203.20	87.488							
203.30	87.464							
203.40	87.439							
203.50	87.415							
203.60	87.390							
203.70	87.365							
203.80	87.340							
203.90	87.315							
204.00	87.290							
204.10	87.265							
204.20	87.239							
204.30	87.214							
204.40	87.188							
204.50	87.162							
204.60	87.137							
204.70	87.111							
204.80	87.085							
204.90	87.059							
205.00	87.032							
205.10	87.006							
205.20	86.980							
205.30	86.953							
205.40	86.927							
205.50	86.900							
205.60	86.873							
205.70	86.846							
205.80	86.819							
205.90	86.792							
206.00	86.765							
206.10	86.738							
206.20	86.710							
206.30	86.683							
206.40	86.655							
206.50	86.627							
206.60	86.600							
206.70	86.572							
206.80	86.544							
206.90	86.516							
207.00	86.487							
207.10	86.459							
207.20	86.431							
207.30	86.402							
207.40	86.374							
207.50	86.345							
207.60	86.316							
207.70	86.287							
207.80	86.258							
207.90	86.229							
208.00	86.200							
208.10	86.170							
208.20	86.141							
208.30	86.111							
208.40	86.082							
208.50	86.052							
208.60	86.022							
208.70	85.992							
208.80	85.962							
208.90	85.932							
209.00	85.902							
209.10	85.872							
209.20	85.841							
209.30	85.811							
209.40	85.780							
209.50	85.749							
209.60	85.718							
209.70	85.687							
209.80	85.656							
209.90	85.625							
210.00	85.594							
210.10	85.563							
210.20	85.531							
210.30	85.500							
210.40	85.468							
210.50	85.436							
210.60	85.405							
210.70	85.373							
210.80	85.341							
210.90	85.308							
211.00	85.276							
211.10	85.244							
211.20	85.211							
211.30	85.179							
211.40	85.146							
211.50	85.113							
211.60	85.081							
211.70	85.048							
211.80	85.015							
211.90	84.981							
212.00	84.948							
212.10	84.915							
212.20	84.881							
212.30	84.848							
212.40	84.814							
212.50	84.780							
212.60	84.747							
212.70	84.713							
212.80	84.679							
212.90	84.644							
213.00	84.610							
213.10	84.576							
213.20	84.541							
213.30	84.507							
213.40	84.472							
213.50	84.437							
213.60	84.403							
213.70	84.368							
213.80	84.333							
213.90	84.297							
214.00	84.262							
214.10	84.227							
214.20	84.191							
214.30	84.156							
214.40	84.120							
214.50	84.085							
214.60	84.049							
214.70	84.013							
214.80	83.977							
214.90	83.941							
215.00	83.904							
215.10	83.868							
215.20	83.832							
215.30	83.795							
215.40	83.758							
215.50	83.722							
215.60	83.685							
215.70	83.648							
215.80	83.611							
215.90	83.574							
216.00	83.536							
216.10	83.499							
216.20	83.462							
216.30	83.424							
216.40	83.386							
216.50	83.349							
216.60	83.311							
216.70	83.273							
216.80	83.235							
216.90	83.197							
217.00	83.159							
217.10	83.120							
217.20	83.082							
217.30	83.043							
217.40	83.005							
217.50	82.966							
217.60	82.927							
217.70	82.888							
217.80	82.849							
217.90	82.810							
218.00	82.771							
218.10	82.732							
218.20	82.692							
218.30	82.653							
218.40	82.613							
218.50	82.573							
218.60	82.534							
218.70	82.494							
218.80	82.454							
218.90	82.414							
219.00	82.373							
219.10	82.333							
219.20	82.293							
219.30	82.252							
219.40	82.212							
219.50	82.171							
219.60	82.130							
219.70	82.089							
219.80	82.048							
219.90	82.007							
220.00	81.966							
220.10	81.925							
220.20	81.883							
220.30	81.842							
220.40	81.800							
220.50	81.759							
220.60	81.717							
220.70	81.675							
220.80	81.633							
220.90	81.591							
221.00	81.549							
221.10	81.506							
221.20	81.464							
221.30	81.422							
221.40	81.379							
221.50	81.336							
221.60	81.294							
221.70	81.251							
221.80	81.208							
221.90	81.165							
222.00	81.122							
222.10	81.078							
222.20	81.035							
222.30	80.992							
222.40	80.948							
222.50	80.905							
222.60	80.861							
222.70	80.817							
222.80	80.773							
222.90	80.729							
223.00	80.685							
223.10	80.641							
223.20	80.597							
223.30	80.552							
223.40	80.508							
223.50	80.463							
223.60	80.418							
223.70	80.374							
223.80	80.329							
223.90	80.284							
224.00	80.239							
224.10	80.193							
224.20	80.148							
224.30	80.103							
224.40	80.057							
224.50	80.012							
224.60	79.966							
224.70	79.920							
224.80	79.875							
224.90	79.829							
225.00	79.783							
225.10	79.737							
225.20	79.690							
225.30	79.644							
225.40	79.598							
225.50	79.551							
225.60	79.504							
225.70	79.458							
225.80	79.411							
225.90	79.364							
226.00	79.317							
226.10	79.270							
226.20	79.223							
226.30	79.175							
226.40	79.128							
226.50	79.081							
226.60	79.033							
226.70	78.985							
226.80	78.938							
226.90	78.890							
227.00	78.842							
227.10	78.794							
227.20	78.746							
227.30	78.697							
227.40	78.649							
227.50	78.601							
227.60	78.552							
227.70	78.504							
227.80	78.455							
227.90	78.406							
228.00	78.357							
228.10	78.308							
228.20	78.259							
228.30	78.210							
228.40	78.161							
228.50	78.111							
228.60	78.062							
228.70	78.012							
228.80	77.963							
228.90	77.913							
229.00	77.863							
229.10	77.813							
229.20	77.763							
229.30	77.713							
229.40	77.663							
229.50	77.613							
229.60	77.562							
229.70	77.512							
229.80	77.461							
229.90	77.410							
230.00	77.360							
230.10	77.309							
230.20	77.258							
230.30	77.207							
230.40	77.156							
230.50	77.104							
230.60	77.053							
230.70	77.002							
230.80	76.950							
230.90	76.899							
231.00	76.847							
231.10	76.795							
231.20	76.743							
231.30	76.691							
231.40	76.639							
231.50	76.587							
231.60	76.535							
231.70	76.482							
231.80	76.430							
231.90	76.377							
232.00	76.325							
232.10	76.272							
232.20	76.219							
232.30	76.166							
232.40	76.113							
232.50	76.060							
232.60	76.007							
232.70	75.954							
232.80	75.901							
232.90	75.847							
233.00	75.794							
233.10	75.740							
233.20	75.686							
233.30	75.632							
233.40	75.579							
233.50	75.525							
233.60	75.470							
233.70	75.416							
233.80	75.362							
233.90	75.308							
234.00	75.253							
234.10	75.199							
234.20	75.144							
234.30	75.089							
234.40	75.035							
234.50	74.980							
234.60	74.925							
234.70	74.870							
234.80	74.814							
234.90	74.759							
235.00	74.704							
235.10	74.648							
235.20	74.593							
235.30	74.537							
235.40	74.482							
235.50	74.426							
235.60	74.370							
235.70	74.314							
235.80	74.258							
235.90	74.202							
236.00	74.145							
236.10	74.089							
236.20	74.033							
236.30	73.976							
236.40	73.920							
236.50	73.863							
236.60	73.806							
236.70	73.749							
236.80	73.692							
236.90	73.635							
237.00	73.578							
237.10	73.521							
237.20	73.464							
237.30	73.406							
237.40	73.349							
237.50	73.291							
237.60	73.234							
237.70	73.176							
237.80	73.118							
237.90	73.060							
238.00	73.002							
238.10	72.944							
238.20	72.886							
238.30	72.828							
238.40	72.769							
238.50	72.711							
238.60	72.652							
238.70	72.594							
238.80	72.535							
238.90	72.476							
239.00	72.417							
239.10	72.358							
239.20	72.299							
239.30	72.240							
239.40	72.181							
239.50	72.122							
239.60	72.062							
239.70	72.003							
239.80	71.943							
239.90	71.884							
240.00	71.824							
240.10	71.764							
240.20	71.704							
240.30	71.644							
240.40	71.584							
240.50	71.524							
240.60	71.464							
240.70	71.403							
240.80	71.343							
240.90	71.283							
241.00	71.222							
241.10	71.161							
241.20	71.101							
241.30	71.040							
241.40	70.979							
241.50	70.918							
241.60	70.857							
241.70	70.796							
241.80	70.734							
241.90	70.673							
242.00	70.612							
242.10	70.550							
242.20	70.489							
242.30	70.427							
242.40	70.365							
242.50	70.303							
242.60	70.241							
242.70	70.179							
242.80	70.117							
242.90	70.055							
243.00	69.993							
243.10	69.931							
243.20	69.868							
243.30	69.806							
243.40	69.743							
243.50	69.681							
243.60	69.618							
243.70	69.555							
243.80	69.492							
243.90	69.429							
244.00	69.366							
244.10	69.303							
244.20	69.240							
244.30	69.176							
244.40	69.113							
244.50	69.050							
244.60	68.986							
244.70	68.922							
244.80	68.859							
244.90	68.795							
245.00	68.731							
245.10	68.667							
245.20	68.603							
245.30	68.539							
245.40	68.475							
245.50	68.411							
245.60	68.346							
245.70	68.282							
245.80	68.217							
245.90	68.153							
246.00	68.088							
246.10	68.023							
246.20	67.958							
246.30	67.894							
246.40	67.829							
246.50	67.764							
246.60	67.698							
246.70	67.633							
246.80	67.568							
246.90	67.503							
247.00	67.437							
247.10	67.372							
247.20	67.306							
247.30	67.240							
247.40	67.175							
247.50	67.109							
247.60	67.043							
247.70	66.977							
247.80	66.911							
247.90	66.845							
248.00	66.779							
248.10	66.712							
248.20	66.646							
248.30	66.580							
248.40	66.513							
248.50	66.446							
248.60	66.380							
248.70	66.313							
248.80	66.246							
248.90	66.179							
249.00	66.112							
249.10	66.045							
249.20	65.978							
249.30	65.911							
249.40	65.844							
249.50	65.776							
249.60	65.709							
249.70	65.642							
249.80	65.574							
249.90	65.506							
250.00	65.439							
250.10	65.371							
250.20	65.303							
250.30	65.235							
250.40	65.167							
250.50	65.099							
250.60	65.031							
250.70	64.963							
250.80	64.894							
250.90	64.826							
251.00	64.758							
251.10	64.689							
251.20	64.621							
251.30	64.552							
251.40	64.483							
251.50	64.415							
251.60	64.346							
251.70	64.277							
251.80	64.208							
251.90	64.139							
252.00	64.070							
252.10	64.000							
252.20	63.931							
252.30	63.862							
252.40	63.792							
252.50	63.723							
252.60	63.653							
252.70	63.584							
252.80	63.514							
252.90	63.444							
253.00	63.374							
253.10	63.304							
253.20	63.234							
253.30	63.164							
253.40	63.094							
253.50	63.024							
253.60	62.954							
253.70	62.884							
253.80	62.813							
253.90	62.743							
254.00	62.672							
254.10	62.602							
254.20	62.531							
254.30	62.460							
254.40	62.389							
254.50	62.319							
254.60	62.248							
254.70	62.177							
254.80	62.106							
254.90	62.035							
255.00	61.963							
255.10	61.892							
255.20	61.821							
255.30	61.749							
255.40	61.678							
255.50	61.607							
255.60	61.535							
255.70	61.463							
255.80	61.392							
255.90	61.320							
256.00	61.248							
256.10	61.176							
256.20	61.104							
256.30	61.032							
256.40	60.960							
256.50	60.888							
256.60	60.816							
256.70	60.743							
256.80	60.671							
256.90	60.599							
257.00	60.526							
257.10	60.454							
257.20	60.381							
257.30	60.309							
257.40	60.236							
257.50	60.163							
257.60	60.090							
257.70	60.017							
257.80	59.944							
257.90	59.871							
258.00	59.798							
258.10	59.725							
258.20	59.652							
258.30	59.579							
258.40	59.505							
258.50	59.432							
258.60	59.359							
258.70	59.285							
258.80	59.212							
258.90	59.138							
259.00	59.064							
259.10	58.991							
259.20	58.917							
259.30	58.843							
259.40	58.769							
259.50	58.695							
259.60	58.621							
259.70	58.547							
259.80	58.473							
259.90	58.399							
260.00	58.324							
260.10	58.250							
260.20	58.176							
260.30	58.101							
260.40	58.027							
260.50	57.952							
260.60	57.878							
260.70	57.803							
260.80	57.728							
260.90	57.654							
261.00	57.579							
261.10	57.504							
261.20	57.429							
261.30	57.354							
261.40	57.279							
261.50	57.204							
261.60	57.129							
261.70	57.054							
261.80	56.979							
261.90	56.903							
262.00	56.828							
262.10	56.753							
262.20	56.677							
262.30	56.602							
262.40	56.526							
262.50	56.450							
262.60	56.375							
262.70	56.299							
262.80	56.223							
262.90	56.148							
263.00	56.072							
263.10	55.996							
263.20	55.920							
263.30	55.844							
263.40	55.768							
263.50	55.692							
263.60	55.615							
263.70	55.539							
263.80	55.463							
263.90	55.387							
264.00	55.310							
264.10	55.234							
264.20	55.158							
264.30	55.081							
264.40	55.004							
264.50	54.928							
264.60	54.851							
264.70	54.775							
264.80	54.698							
264.90	54.621							
265.00	54.544							
265.10	54.467							
265.20	54.390							
265.30	54.313							
265.40	54.236							
265.50	54.159							
265.60	54.082							
265.70	54.005							
265.80	53.928							
265.90	53.851							
266.00	53.773							
266.10	53.696							
266.20	53.619							
266.30	53.541							
266.40	53.464							
266.50	53.386							
266.60	53.309							
266.70	53.231							
266.80	53.154							
266.90	53.076							
267.00	52.998							
267.10	52.920							
267.20	52.843							
267.30	52.765							
267.40	52.687							
267.50	52.609							
267.60	52.531							
267.70	52.453							
267.80	52.375							
267.90	52.297							
268.00	52.219							
268.10	52.141							
268.20	52.062							
268.30	51.984							
268.40	51.906							
268.50	51.828							
268.60	51.749							
268.70	51.671							
268.80	51.592							
268.90	51.514							
269.00	51.435							
269.10	51.357							
269.20	51.278							
269.30	51.200							
269.40	51.121							
269.50	51.042							
269.60	50.964							
269.70	50.885							
269.80	50.806							
269.90	50.727							
270.00	50.648							
270.10	50.569							
270.20	50.490							
270.30	50.412							
270.40	50.333							
270.50	50.253							
270.60	50.174							
270.70	50.095							
270.80	50.016							
270.90	49.937							
271.00	49.858							
271.10	49.779							
271.20	49.699							
271.30	49.620							
271.40	49.541							
271.50	49.461							
271.60	49.382							
271.70	49.302							
271.80	49.223							
271.90	49.143							
272.00	49.064							
272.10	48.984							
272.20	48.905							
272.30	48.825							
272.40	48.746							
272.50	48.666							
272.60	48.586							
272.70	48.506							
272.80	48.427							
272.90	48.347							
273.00	48.267							
273.10	48.187							
273.20	48.107							
273.30	48.027							
273.40	47.948							
273.50	47.868							
273.60	47.788							
273.70	47.708							
273.80	47.628							
273.90	47.548							
274.00	47.467							
274.10	47.387							
274.20	47.307							
274.30	47.227							
274.40	47.147							
274.50	47.067							
274.60	46.986							
274.70	46.906							
274.80	46.826							
274.90	46.746							
275.00	46.665							
275.10	46.585							
275.20	46.505							
275.30	46.424							
275.40	46.344							
275.50	46.263							
275.60	46.183							
275.70	46.103							
275.80	46.022							
275.90	45.942							
276.00	45.861							
276.10	45.780							
276.20	45.700							
276.30	45.619							
276.40	45.539							
276.50	45.458							
276.60	45.377							
276.70	45.297							
276.80	45.216							
276.90	45.135							
277.00	45.055							
277.10	44.974							
277.20	44.893							
277.30	44.812							
277.40	44.732							
277.50	44.651							
277.60	44.570							
277.70	44.489							
277.80	44.408							
277.90	44.328							
278.00	44.247							
278.10	44.166							
278.20	44.085							
278.30	44.004							
278.40	43.923							
278.50	43.842							
278.60	43.761							
278.70	43.680							
278.80	43.599							
278.90	43.518							
279.00	43.437							
279.10	43.356							
279.20	43.275							
279.30	43.194							
279.40	43.113							
279.50	43.032							
279.60	42.951							
279.70	42.870							
279.80	42.789							
279.90	42.708							
280.00	42.627							
280.10	42.545							
280.20	42.464							
280.30	42.383							
280.40	42.302							
280.50	42.221							
280.60	42.140							
280.70	42.059							
280.80	41.977							
280.90	41.896							
281.00	41.815							
281.10	41.734							
281.20	41.653							
281.30	41.572							
281.40	41.490							
281.50	41.409							
281.60	41.328							
281.70	41.247							
281.80	41.166							
281.90	41.084							
282.00	41.003							
282.10	40.922							
282.20	40.841							
282.30	40.759							
282.40	40.678							
282.50	40.597							
282.60	40.516							
282.70	40.434							
282.80	40.353							
282.90	40.272							
283.00	40.191							
283.10	40.109							
283.20	40.028							
283.30	39.947							
283.40	39.866							
283.50	39.784							
283.60	39.703							
283.70	39.622							
283.80	39.541							
283.90	39.460							
284.00	39.378							
284.10	39.297							
284.20	39.216							
284.30	39.135							
284.40	39.053							
284.50	38.972							
284.60	38.891							
284.70	38.810							
284.80	38.729							
284.90	38.647							
285.00	38.566							
285.10	38.485							
285.20	38.404							
285.30	38.323							
285.40	38.241							
285.50	38.160							
285.60	38.079							
285.70	37.998							
285.80	37.917							
285.90	37.836							
286.00	37.755							
286.10	37.673							
286.20	37.592							
286.30	37.511							
286.40	37.430							
286.50	37.349							
286.60	37.268							
286.70	37.187							
286.80	37.106							
286.90	37.025							
287.00	36.944							
287.10	36.863							
287.20	36.782							
287.30	36.701							
287.40	36.620							
287.50	36.539							
287.60	36.458							
287.70	36.377							
287.80	36.296							
287.90	36.215							
288.00	36.134							
288.10	36.054							
288.20	35.973							
288.30	35.892							
288.40	35.811							
288.50	35.730							
288.60	35.649							
288.70	35.569							
288.80	35.488							
288.90	35.407							
289.00	35.326							
289.10	35.246							
289.20	35.165							
289.30	35.084							
289.40	35.004							
289.50	34.923							
289.60	34.842							
289.70	34.762							
289.80	34.681							
289.90	34.601							
290.00	34.520							
290.10	34.440							
290.20	34.359							
290.30	34.279							
290.40	34.198							
290.50	34.118							
290.60	34.037							
290.70	33.957							
290.80	33.877							
290.90	33.796							
291.00	33.716							
291.10	33.636							
291.20	33.555							
291.30	33.475							
291.40	33.395							
291.50	33.315							
291.60	33.235							
291.70	33.154							
291.80	33.074							
291.90	32.994							
292.00	32.914							
292.10	32.834							
292.20	32.754							
292.30	32.674							
292.40	32.594							
292.50	32.514							
292.60	32.434							
292.70	32.354							
292.80	32.275							
292.90	32.195							
293.00	32.115							
293.10	32.035							
293.20	31.956							
293.30	31.876							
293.40	31.796							
293.50	31.717							
293.60	31.637							
293.70	31.558							
293.80	31.478							
293.90	31.399							
294.00	31.319							
294.10	31.240							
294.20	31.160							
294.30	31.081							
294.40	31.002							
294.50	30.922							
294.60	30.843							
294.70	30.764							
294.80	30.685							
294.90	30.605							
295.00	30.526							
295.10	30.447							
295.20	30.368							
295.30	30.289							
295.40	30.210							
295.50	30.131							
295.60	30.052							
295.70	29.974							
295.80	29.895							
295.90	29.816							
296.00	29.737							
296.10	29.659							
296.20	29.580							
296.30	29.501							
296.40	29.423							
296.50	29.344							
296.60	29.266							
296.70	29.187							
296.80	29.109							
296.90	29.031							
297.00	28.952							
297.10	28.874							
297.20	28.796							
297.30	28.718							
297.40	28.639							
297.50	28.561							
297.60	28.483							
297.70	28.405							
297.80	28.327							
297.90	28.249							
298.00	28.171							
298.10	28.094							
298.20	28.016							
298.30	27.938							
298.40	27.860							
298.50	27.783							
298.60	27.705							
298.70	27.628							
298.80	27.550							
298.90	27.473							
299.00	27.395							
299.10	27.318							
299.20	27.241							
299.30	27.163							
299.40	27.086							
299.50	27.009							
299.60	26.932							
299.70	26.855							
299.80	26.778							
299.90	26.701							
300.00	26.624							
300.10	26.547							
300.20	26.470							
300.30	26.394							
300.40	26.317							
300.50	26.240							
300.60	26.164							
300.70	26.087							
300.80	26.011							
300.90	25.934							
301.00	25.858							
301.10	25.782							
301.20	25.705							
301.30	25.629							
301.40	25.553							
301.50	25.477							
301.60	25.401							
301.70	25.325							
301.80	25.249							
301.90	25.173							
302.00	25.097							
302.10	25.022							
302.20	24.946							
302.30	24.870							
302.40	24.795							
302.50	24.719							
302.60	24.644							
302.70	24.569							
302.80	24.493							
302.90	24.418							
303.00	24.343							
303.10	24.268							
303.20	24.193							
303.30	24.118							
303.40	24.043							
303.50	23.968							
303.60	23.893							
303.70	23.818							
303.80	23.744							
303.90	23.669							
304.00	23.594							
304.10	23.520							
304.20	23.446							
304.30	23.371							
304.40	23.297							
304.50	23.223							
304.60	23.149							
304.70	23.074							
304.80	23.000							
304.90	22.926							
305.00	22.853							
305.10	22.779							
305.20	22.705							
305.30	22.631							
305.40	22.558							
305.50	22.484							
305.60	22.411							
305.70	22.337							
305.80	22.264							
305.90	22.191							
306.00	22.117							
306.10	22.044							
306.20	21.971							
306.30	21.898							
306.40	21.825							
306.50	21.753							
306.60	21.680							
306.70	21.607							
306.80	21.535							
306.90	21.462							
307.00	21.390							
307.10	21.317							
307.20	21.245							
307.30	21.173							
307.40	21.100							
307.50	21.028							
307.60	20.956							
307.70	20.884							
307.80	20.813							
307.90	20.741							
308.00	20.669							
308.10	20.597							
308.20	20.526							
308.30	20.454							
308.40	20.383							
308.50	20.312							
308.60	20.240							
308.70	20.169							
308.80	20.098							
308.90	20.027							
309.00	19.956							
309.10	19.886							
309.20	19.815							
309.30	19.744							
309.40	19.673							
309.50	19.603							
309.60	19.533							
309.70	19.462							
309.80	19.392							
309.90	19.322							
310.00	19.252							
310.10	19.182							
310.20	19.112							
310.30	19.042							
310.40	18.972							
310.50	18.902							
310.60	18.833							
310.70	18.763							
310.80	18.694							
310.90	18.625							
311.00	18.555							
311.10	18.486							
311.20	18.417							
311.30	18.348							
311.40	18.279							
311.50	18.211							
311.60	18.142							
311.70	18.073							
311.80	18.005							
311.90	17.936							
312.00	17.868							
312.10	17.800							
312.20	17.731							
312.30	17.663							
312.40	17.595							
312.50	17.527							
312.60	17.460							
312.70	17.392							
312.80	17.324							
312.90	17.257							
313.00	17.189							
313.10	17.122							
313.20	17.055							
313.30	16.987							
313.40	16.920							
313.50	16.853							
313.60	16.787							
313.70	16.720							
313.80	16.653							
313.90	16.586							
314.00	16.520							
314.10	16.454							
314.20	16.387							
314.30	16.321							
314.40	16.255							
314.50	16.189							
314.60	16.123							
314.70	16.057							
314.80	15.991							
314.90	15.926							
315.00	15.860							
315.10	15.795							
315.20	15.729							
315.30	15.664							
315.40	15.599							
315.50	15.534							
315.60	15.469							
315.70	15.404							
315.80	15.340							
315.90	15.275							
316.00	15.210							
316.10	15.146							
316.20	15.082							
316.30	15.017							
316.40	14.953							
316.50	14.889							
316.60	14.825							
316.70	14.761							
316.80	14.698							
316.90	14.634							
317.00	14.571							
317.10	14.507							
317.20	14.444							
317.30	14.381							
317.40	14.318							
317.50	14.255							
317.60	14.192							
317.70	14.129							
317.80	14.066							
317.90	14.004							
318.00	13.941							
318.10	13.879							
318.20	13.817							
318.30	13.755							
318.40	13.693							
318.50	13.631							
318.60	13.569							
318.70	13.507							
318.80	13.446							
318.90	13.384							
319.00	13.323							
319.10	13.262							
319.20	13.201							
319.30	13.140							
319.40	13.079							
319.50	13.018							
319.60	12.957							
319.70	12.897							
319.80	12.836							
319.90	12.776							
320.00	12.715							
320.10	12.655							
320.20	12.595							
320.30	12.535							
320.40	12.476							
320.50	12.416							
320.60	12.356							
320.70	12.297							
320.80	12.238							
320.90	12.178							
321.00	12.119							
321.10	12.060							
321.20	12.001							
321.30	11.943							
321.40	11.884							
321.50	11.826							
321.60	11.767							
321.70	11.709							
321.80	11.651							
321.90	11.593							
322.00	11.535							
322.10	11.477							
322.20	11.419							
322.30	11.362							
322.40	11.304							
322.50	11.247							
322.60	11.190							
322.70	11.133							
322.80	11.076							
322.90	11.019							
323.00	10.962							
323.10	10.905							
323.20	10.849							
323.30	10.792							
323.40	10.736							
323.50	10.680							
323.60	10.624							
323.70	10.568							
323.80	10.512							
323.90	10.457							
324.00	10.401							
324.10	10.346							
324.20	10.291							
324.30	10.235							
324.40	10.180							
324.50	10.126							
324.60	10.071							
324.70	10.016							
324.80	9.9616							
324.90	9.9072							
325.00	9.8530							
325.10	9.7988							
325.20	9.7448							
325.30	9.6909							
325.40	9.6371							
325.50	9.5835							
325.60	9.5300							
325.70	9.4766							
325.80	9.4234							
325.90	9.3702							
326.00	9.3172							
326.10	9.2644							
326.20	9.2116							
326.30	9.1590							
326.40	9.1065							
326.50	9.0542							
326.60	9.0020							
326.70	8.9499							
326.80	8.8979							
326.90	8.8461							
327.00	8.7944							
327.10	8.7428							
327.20	8.6914							
327.30	8.6401							
327.40	8.5889							
327.50	8.5379							
327.60	8.4869							
327.70	8.4362							
327.80	8.3855							
327.90	8.3350							
328.00	8.2846							
328.10	8.2344							
328.20	8.1843							
328.30	8.1343							
328.40	8.0845							
328.50	8.0347							
328.60	7.9852							
328.70	7.9357							
328.80	7.8864							
328.90	7.8372							
329.00	7.7882							
329.10	7.7393							
329.20	7.6905							
329.30	7.6419							
329.40	7.5934							
329.50	7.5451							
329.60	7.4969							
329.70	7.4488							
329.80	7.4008							
329.90	7.3530							
330.00	7.3054							
330.10	7.2578							
330.20	7.2104							
330.30	7.1632							
330.40	7.1161							
330.50	7.0691							
330.60	7.0222							
330.70	6.9755							
330.80	6.9290							
330.90	6.8826							
331.00	6.8363							
331.10	6.7901							
331.20	6.7441							
331.30	6.6983							
331.40	6.6526							
331.50	6.6070							
331.60	6.5616							
331.70	6.5163							
331.80	6.4711							
331.90	6.4261							
332.00	6.3812							
332.10	6.3365							
332.20	6.2919							
332.30	6.2475							
332.40	6.2032							
332.50	6.1590							
332.60	6.1150							
332.70	6.0711							
332.80	6.0274							
332.90	5.9838							
333.00	5.9404							
333.10	5.8971							
333.20	5.8540							
333.30	5.8110							
333.40	5.7681							
333.50	5.7254							
333.60	5.6828							
333.70	5.6404							
333.80	5.5981							
333.90	5.5560							
334.00	5.5140							
334.10	5.4722							
334.20	5.4305							
334.30	5.3889							
334.40	5.3475							
334.50	5.3063							
334.60	5.2652							
334.70	5.2242							
334.80	5.1834							
334.90	5.1428							
335.00	5.1022							
335.10	5.0619							
335.20	5.0217							
335.30	4.9816							
335.40	4.9417							
335.50	4.9019							
335.60	4.8623							
335.70	4.8228							
335.80	4.7835							
335.90	4.7443							
336.00	4.7053							
336.10	4.6664							
336.20	4.6277							
336.30	4.5891							
336.40	4.5507							
336.50	4.5124							
336.60	4.4743							
336.70	4.4364							
336.80	4.3986							
336.90	4.3609							
337.00	4.3234							
337.10	4.2860							
337.20	4.2488							
337.30	4.2118							
337.40	4.1748							
337.50	4.1381							
337.60	4.1015							
337.70	4.0650							
337.80	4.0288							
337.90	3.9926							
338.00	3.9566							
338.10	3.9208							
338.20	3.8851							
338.30	3.8496							
338.40	3.8142							
338.50	3.7790							
338.60	3.7440							
338.70	3.7091							
338.80	3.6743							
338.90	3.6397							
339.00	3.6053							
339.10	3.5710							
339.20	3.5369							
339.30	3.5029							
339.40	3.4691							
339.50	3.4354							
339.60	3.4019							
339.70	3.3686							
339.80	3.3354							
339.90	3.3023							
340.00	3.2695							
340.10	3.2367							
340.20	3.2042							
340.30	3.1718							
340.40	3.1395							
340.50	3.1074							
340.60	3.0755							
340.70	3.0437							
340.80	3.0121							
340.90	2.9806							
341.00	2.9493							
341.10	2.9182							
341.20	2.8872							
341.30	2.8564							
341.40	2.8257							
341.50	2.7952							
341.60	2.7648							
341.70	2.7347							
341.80	2.7046							
341.90	2.6748							
342.00	2.6451							
342.10	2.6155							
342.20	2.5861							
342.30	2.5569							
342.40	2.5278							
342.50	2.4989							
342.60	2.4702							
342.70	2.4416							
342.80	2.4131							
342.90	2.3849							
343.00	2.3568							
343.10	2.3288							
343.20	2.3010							
343.30	2.2734							
343.40	2.2460							
343.50	2.2187							
343.60	2.1915							
343.70	2.1646							
343.80	2.1378							
343.90	2.1111							
344.00	2.0846							
344.10	2.0583							
344.20	2.0321							
344.30	2.0061							
344.40	1.9803							
344.50	1.9546							
344.60	1.9291							
344.70	1.9038							
344.80	1.8786							
344.90	1.8536							
345.00	1.8287							
345.10	1.8040							
345.20	1.7795							
345.30	1.7552							
345.40	1.7310							
345.50	1.7069							
345.60	1.6831							
345.70	1.6594							
345.80	1.6358							
345.90	1.6124							
346.00	1.5892							
346.10	1.5662							
346.20	1.5433							
346.30	1.5206							
346.40	1.4981							
346.50	1.4757							
346.60	1.4534							
346.70	1.4314							
346.80	1.4095							
346.90	1.3878							
347.00	1.3662							
347.10	1.3449							
347.20	1.3236							
347.30	1.3026							
347.40	1.2817							
347.50	1.2610							
347.60	1.2404							
347.70	1.2200							
347.80	1.1998							
347.90	1.1797							
348.00	1.1599							
348.10	1.1401							
348.20	1.1206							
348.30	1.1012							
348.40	1.0820							
348.50	1.0629							
348.60	1.0440							
348.70	1.0253							
348.80	1.0068							
348.90	0.98839							
349.00	0.97018							
349.10	0.95213							
349.20	0.93425							
349.30	0.91655							
349.40	0.89901							
349.50	0.88163							
349.60	0.86443							
349.70	0.84739							
349.80	0.83053							
349.90	0.81383							
350.00	0.79730							
350.10	0.78094							
350.20	0.76475							
350.30	0.74873							
350.40	0.73287							
350.50	0.71719							
350.60	0.70167							
350.70	0.68633							
350.80	0.67115							
350.90	0.65615							
351.00	0.64131							
351.10	0.62664							
351.20	0.61214							
351.30	0.59782							
351.40	0.58366							
351.50	0.56967							
351.60	0.55585							
351.70	0.54220							
351.80	0.52873							
351.90	0.51542							
352.00	0.50228							
352.10	0.48931							
352.20	0.47651							
352.30	0.46389							
352.40	0.45143							
352.50	0.43915							
352.60	0.42703							
352.70	0.41509							
352.80	0.40332							
352.90	0.39171							
353.00	0.38028							
353.10	0.36902							
353.20	0.35793							
353.30	0.34701							
353.40	0.33626							
353.50	0.32569							
353.60	0.31528							
353.70	0.30505							
353.80	0.29498							
353.90	0.28509							
354.00	0.27537							
354.10	0.26582							
354.20	0.25644							
354.30	0.24724							
354.40	0.23820							
354.50	0.22934							
354.60	0.22065							
354.70	0.21213							
354.80	0.20378							
354.90	0.19561							
355.00	0.18760							
355.10	0.17977							
355.20	0.17211							
355.30	0.16462							
355.40	0.15730							
355.50	0.15016							
355.60	0.14319							
355.70	0.13639							
355.80	0.12976							
355.90	0.12330							
356.00	0.11702							
356.10	0.11091							
356.20	0.10497							
356.30	0.099199							
356.40	0.093604							
356.50	0.088181							
356.60	0.082930							
356.70	0.077852							
356.80	0.072947							
356.90	0.068214							
357.00	0.063653							
357.10	0.059264							
357.20	0.055048							
357.30	0.051006							
357.40	0.047135							
357.50	0.043436							
357.60	0.039911							
357.70	0.036558							
357.80	0.033378							
357.90	0.030370							
358.00	0.027535							
358.10	0.024872							
358.20	0.022383							
358.30	0.020066							
358.40	0.017922							
358.50	0.015950							
358.60	0.014151							
358.70	0.012525							
358.80	0.011072							
358.90	0.0097911							
359.00	0.0086832							
359.10	0.0077481							
359.20	0.0069858							
359.30	0.0063964							
359.40	0.0059797							
359.50	0.0057357							
359.60	0.0056646							
359.70	0.0057663							
359.80	0.0060407							
359.90	0.0064880							
360.00	0.0071081							
360.10	0.0079010							
360.20	0.0088668							
360.30	0.010005							
360.40	0.011316							
360.50	0.012800							
360.60	0.014457							
360.70	0.016287							
360.80	0.018289							
360.90	0.020464							
361.00	0.022812							
361.10	0.025333							
361.20	0.028026							
361.30	0.030892							
361.40	0.033930							
361.50	0.037142							
361.60	0.040526							
361.70	0.044083							
361.80	0.047812							
361.90	0.051714							
362.00	0.055789							
362.10	0.060037							
362.20	0.064457							
362.30	0.069048							
362.40	0.073813							
362.50	0.078751							
362.60	0.083861							
362.70	0.089144							
362.80	0.094598							
362.90	0.10023							
363.00	0.10603							
363.10	0.11200							
363.20	0.11814							
363.30	0.12446							
363.40	0.13095							
363.50	0.13761							
363.60	0.14444							
363.70	0.15145							
363.80	0.15863							
363.90	0.16598							
364.00	0.17350							
364.10	0.18119							
364.20	0.18906							
364.30	0.19710							
364.40	0.20531							
364.50	0.21369							
364.60	0.22224							
364.70	0.23097							
364.80	0.23987							
364.90	0.24894							
365.00	0.25818							
365.10	0.26759							
365.20	0.27718							
365.30	0.28693							
365.40	0.29686							
365.50	0.30696							
365.60	0.31723							
365.70	0.32767							
365.80	0.33828							
365.90	0.34907							
366.00	0.36002							
366.10	0.37115							
366.20	0.38245							
366.30	0.39392							
366.40	0.40556							
366.50	0.41737							
366.60	0.42935							
366.70	0.44151							
366.80	0.45383							
366.90	0.46632							
367.00	0.47899							
367.10	0.49183							
367.20	0.50483							
367.30	0.51801							
367.40	0.53136							
367.50	0.54488							
367.60	0.55856							
367.70	0.57242							
367.80	0.58645							
367.90	0.60065							
368.00	0.61502							
368.10	0.62956							
368.20	0.64427							
368.30	0.65915							
368.40	0.67420							
368.50	0.68942							
368.60	0.70480							
368.70	0.72036							
368.80	0.73609							
368.90	0.75199							
369.00	0.76805							
369.10	0.78429							
369.20	0.80070							
369.30	0.81727							
369.40	0.83401							
369.50	0.85092							
369.60	0.86800							
369.70	0.88526							
369.80	0.90267							
369.90	0.92026							
370.00	0.93802							
370.10	0.95594							
370.20	0.97404							
370.30	0.99229							
370.40	1.0107							
370.50	1.0293							
370.60	1.0481							
370.70	1.0670							
370.80	1.0861							
370.90	1.1054							
371.00	1.1248							
371.10	1.1444							
371.20	1.1642							
371.30	1.1841							
371.40	1.2043							
371.50	1.2245							
371.60	1.2450							
371.70	1.2656							
371.80	1.2864							
371.90	1.3073							
372.00	1.3284							
372.10	1.3497							
372.20	1.3711							
372.30	1.3927							
372.40	1.4145							
372.50	1.4365							
372.60	1.4586							
372.70	1.4808							
372.80	1.5033							
372.90	1.5259							
373.00	1.5487							
373.10	1.5716							
373.20	1.5947							
373.30	1.6180							
373.40	1.6414							
373.50	1.6650							
373.60	1.6888							
373.70	1.7127							
373.80	1.7368							
373.90	1.7610							
374.00	1.7855							
374.10	1.8100							
374.20	1.8348							
374.30	1.8597							
374.40	1.8848							
374.50	1.9100							
374.60	1.9355							
374.70	1.9610							
374.80	1.9868							
374.90	2.0127							
375.00	2.0387							
375.10	2.0649							
375.20	2.0913							
375.30	2.1179							
375.40	2.1446							
375.50	2.1715							
375.60	2.1985							
375.70	2.2257							
375.80	2.2531							
375.90	2.2806							
376.00	2.3083							
376.10	2.3362							
376.20	2.3642							
376.30	2.3924							
376.40	2.4207							
376.50	2.4492							
376.60	2.4779							
376.70	2.5067							
376.80	2.5357							
376.90	2.5648							
377.00	2.5941							
377.10	2.6236							
377.20	2.6532							
377.30	2.6830							
377.40	2.7129							
377.50	2.7431							
377.60	2.7733							
377.70	2.8038							
377.80	2.8343							
377.90	2.8651							
378.00	2.8960							
378.10	2.9271							
378.20	2.9583							
378.30	2.9897							
378.40	3.0212							
378.50	3.0529							
378.60	3.0848							
378.70	3.1168							
378.80	3.1490							
378.90	3.1813							
379.00	3.2138							
379.10	3.2465							
379.20	3.2793							
379.30	3.3122							
379.40	3.3454							
379.50	3.3786							
379.60	3.4121							
379.70	3.4457							
379.80	3.4794							
379.90	3.5133							
380.00	3.5474							
380.10	3.5816							
380.20	3.6160							
380.30	3.6505							
380.40	3.6852							
380.50	3.7201							
380.60	3.7551							
380.70	3.7902							
380.80	3.8255							
380.90	3.8610							
381.00	3.8966							
381.10	3.9324							
381.20	3.9683							
381.30	4.0044							
381.40	4.0406							
381.50	4.0770							
381.60	4.1136							
381.70	4.1503							
381.80	4.1871							
381.90	4.2241							
382.00	4.2613							
382.10	4.2986							
382.20	4.3361							
382.30	4.3737							
382.40	4.4115							
382.50	4.4494							
382.60	4.4875							
382.70	4.5257							
382.80	4.5641							
382.90	4.6026							
383.00	4.6413							
383.10	4.6801							
383.20	4.7191							
383.30	4.7582							
383.40	4.7975							
383.50	4.8369							
383.60	4.8765							
383.70	4.9163							
383.80	4.9561							
383.90	4.9962							
384.00	5.0364							
384.10	5.0767							
384.20	5.1172							
384.30	5.1578							
384.40	5.1986							
384.50	5.2395							
384.60	5.2806							
384.70	5.3218							
384.80	5.3632							
384.90	5.4047							
385.00	5.4464							
385.10	5.4882							
385.20	5.5302							
385.30	5.5723							
385.40	5.6145							
385.50	5.6569							
385.60	5.6995							
385.70	5.7422							
385.80	5.7850							
385.90	5.8280							
386.00	5.8711							
386.10	5.9144							
386.20	5.9578							
386.30	6.0014							
386.40	6.0451							
386.50	6.0890							
386.60	6.1330							
386.70	6.1771							
386.80	6.2214							
386.90	6.2658							
387.00	6.3104							
387.10	6.3551							
387.20	6.4000							
387.30	6.4450							
387.40	6.4902							
387.50	6.5355							
387.60	6.5809							
387.70	6.6265							
387.80	6.6722							
387.90	6.7180							
388.00	6.7640							
388.10	6.8102							
388.20	6.8565							
388.30	6.9029							
388.40	6.9495							
388.50	6.9962							
388.60	7.0430							
388.70	7.0900							
388.80	7.1371							
388.90	7.1844							
389.00	7.2318							
389.10	7.2793							
389.20	7.3270							
389.30	7.3748							
389.40	7.4228							
389.50	7.4709							
389.60	7.5191							
389.70	7.5675							
389.80	7.6160							
389.90	7.6647							
390.00	7.7135							
390.10	7.7624							
390.20	7.8114							
390.30	7.8606							
390.40	7.9100							
390.50	7.9594							
390.60	8.0090							
390.70	8.0588							
390.80	8.1086							
390.90	8.1587							
391.00	8.2088							
391.10	8.2591							
391.20	8.3095							
391.30	8.3600							
391.40	8.4107							
391.50	8.4615							
391.60	8.5125							
391.70	8.5636							
391.80	8.6148							
391.90	8.6661							
392.00	8.7176							
392.10	8.7692							
392.20	8.8210							
392.30	8.8728							
392.40	8.9248							
392.50	8.9770							
392.60	9.0292							
392.70	9.0816							
392.80	9.1342							
392.90	9.1868							
393.00	9.2396							
393.10	9.2925							
393.20	9.3456							
393.30	9.3988							
393.40	9.4521							
393.50	9.5055							
393.60	9.5591							
393.70	9.6128							
393.80	9.6666							
393.90	9.7205							
394.00	9.7746							
394.10	9.8288							
394.20	9.8832							
394.30	9.9376							
394.40	9.9922							
394.50	10.047							
394.60	10.102							
394.70	10.157							
394.80	10.212							
394.90	10.267							
395.00	10.322							
395.10	10.378							
395.20	10.433							
395.30	10.489							
395.40	10.545							
395.50	10.601							
395.60	10.657							
395.70	10.713							
395.80	10.770							
395.90	10.826							
396.00	10.883							
396.10	10.939							
396.20	10.996							
396.30	11.053							
396.40	11.110							
396.50	11.167							
396.60	11.225							
396.70	11.282							
396.80	11.340							
396.90	11.397							
397.00	11.455							
397.10	11.513							
397.20	11.571							
397.30	11.629							
397.40	11.687							
397.50	11.746							
397.60	11.804							
397.70	11.863							
397.80	11.922							
397.90	11.980							
398.00	12.039							
398.10	12.098							
398.20	12.158							
398.30	12.217							
398.40	12.276							
398.50	12.336							
398.60	12.396							
398.70	12.455							
398.80	12.515							
398.90	12.575							
399.00	12.635							
399.10	12.696							
399.20	12.756							
399.30	12.817							
399.40	12.877							
399.50	12.938							
399.60	12.999							
399.70	13.060							
399.80	13.121							
399.90	13.182							
400.00	13.243							
400.10	13.304							
400.20	13.366							
400.30	13.427							
400.40	13.489							
400.50	13.551							
400.60	13.613							
400.70	13.675							
400.80	13.737							
400.90	13.799							
401.00	13.862							
401.10	13.924							
401.20	13.987							
401.30	14.049							
401.40	14.112							
401.50	14.175							
401.60	14.238							
401.70	14.301							
401.80	14.364							
401.90	14.428							
402.00	14.491							
402.10	14.555							
402.20	14.618							
402.30	14.682							
402.40	14.746							
402.50	14.810							
402.60	14.874							
402.70	14.938							
402.80	15.002							
402.90	15.067							
403.00	15.131							
403.10	15.196							
403.20	15.261							
403.30	15.325							
403.40	15.390							
403.50	15.455							
403.60	15.520							
403.70	15.586							
403.80	15.651							
403.90	15.716							
404.00	15.782							
404.10	15.847							
404.20	15.913							
404.30	15.979							
404.40	16.045							
404.50	16.111							
404.60	16.177							
404.70	16.243							
404.80	16.309							
404.90	16.376							
405.00	16.442							
405.10	16.509							
405.20	16.575							
405.30	16.642							
405.40	16.709							
405.50	16.776							
405.60	16.843							
405.70	16.910							
405.80	16.978							
405.90	17.045							
406.00	17.112							
406.10	17.180							
406.20	17.247							
406.30	17.315							
406.40	17.383							
406.50	17.451							
406.60	17.519							
406.70	17.587							
406.80	17.655							
406.90	17.724							
407.00	17.792							
407.10	17.860							
407.20	17.929							
407.30	17.998							
407.40	18.066							
407.50	18.135							
407.60	18.204							
407.70	18.273							
407.80	18.342							
407.90	18.411							
408.00	18.481							
408.10	18.550							
408.20	18.619							
408.30	18.689							
408.40	18.759							
408.50	18.828							
408.60	18.898							
408.70	18.968							
408.80	19.038							
408.90	19.108							
409.00	19.178							
409.10	19.248							
409.20	19.319							
409.30	19.389							
409.40	19.459							
409.50	19.530							
409.60	19.601							
409.70	19.671							
409.80	19.742							
409.90	19.813							
410.00	19.884							
410.10	19.955							
410.20	20.026							
410.30	20.097							
410.40	20.169							
410.50	20.240							
410.60	20.312							
410.70	20.383							
410.80	20.455							
410.90	20.526							
411.00	20.598							
411.10	20.670							
411.20	20.742							
411.30	20.814							
411.40	20.886							
411.50	20.958							
411.60	21.031							
411.70	21.103							
411.80	21.175							
411.90	21.248							
412.00	21.320							
412.10	21.393							
412.20	21.466							
412.30	21.538							
412.40	21.611							
412.50	21.684							
412.60	21.757							
412.70	21.830							
412.80	21.903							
412.90	21.977							
413.00	22.050							
413.10	22.123							
413.20	22.197							
413.30	22.270							
413.40	22.344							
413.50	22.417							
413.60	22.491							
413.70	22.565							
413.80	22.639							
413.90	22.713							
414.00	22.787							
414.10	22.861							
414.20	22.935							
414.30	23.009							
414.40	23.084							
414.50	23.158							
414.60	23.232							
414.70	23.307							
414.80	23.381							
414.90	23.456							
415.00	23.531							
415.10	23.605							
415.20	23.680							
415.30	23.755							
415.40	23.830							
415.50	23.905							
415.60	23.980							
415.70	24.055							
415.80	24.131							
415.90	24.206							
416.00	24.281							
416.10	24.357							
416.20	24.432							
416.30	24.507							
416.40	24.583							
416.50	24.659							
416.60	24.734							
416.70	24.810							
416.80	24.886							
416.90	24.962							
417.00	25.038							
417.10	25.114							
417.20	25.190							
417.30	25.266							
417.40	25.342							
417.50	25.419							
417.60	25.495							
417.70	25.571							
417.80	25.648							
417.90	25.724							
418.00	25.801							
418.10	25.877							
418.20	25.954							
418.30	26.031							
418.40	26.107							
418.50	26.184							
418.60	26.261							
418.70	26.338							
418.80	26.415							
418.90	26.492							
419.00	26.569							
419.10	26.646							
419.20	26.723							
419.30	26.801							
419.40	26.878							
419.50	26.955							
419.60	27.033							
419.70	27.110							
419.80	27.188							
419.90	27.265							
420.00	27.343							
420.10	27.420							
420.20	27.498							
420.30	27.576							
420.40	27.654							
420.50	27.732							
420.60	27.809							
420.70	27.887							
420.80	27.965							
420.90	28.043							
421.00	28.122							
421.10	28.200							
421.20	28.278							
421.30	28.356							
421.40	28.434							
421.50	28.513							
421.60	28.591							
421.70	28.670							
421.80	28.748							
421.90	28.826							
422.00	28.905							
422.10	28.984							
422.20	29.062							
422.30	29.141							
422.40	29.220							
422.50	29.298							
422.60	29.377							
422.70	29.456							
422.80	29.535							
422.90	29.614							
423.00	29.693							
423.10	29.772							
423.20	29.851							
423.30	29.930							
423.40	30.009							
423.50	30.088							
423.60	30.168							
423.70	30.247							
423.80	30.326							
423.90	30.405							
424.00	30.485							
424.10	30.564							
424.20	30.644							
424.30	30.723							
424.40	30.803							
424.50	30.882							
424.60	30.962							
424.70	31.041							
424.80	31.121							
424.90	31.201							
425.00	31.280							
425.10	31.360							
425.20	31.440							
425.30	31.520							
425.40	31.600							
425.50	31.680							
425.60	31.760							
425.70	31.839							
425.80	31.919							
425.90	31.999							
426.00	32.080							
426.10	32.160							
426.20	32.240							
426.30	32.320							
426.40	32.400							
426.50	32.480							
426.60	32.560							
426.70	32.641							
426.80	32.721							
426.90	32.801							
427.00	32.882							
427.10	32.962							
427.20	33.042							
427.30	33.123							
427.40	33.203							
427.50	33.284							
427.60	33.364							
427.70	33.445							
427.80	33.525							
427.90	33.606							
428.00	33.687							
428.10	33.767							
428.20	33.848							
428.30	33.929							
428.40	34.009							
428.50	34.090							
428.60	34.171							
428.70	34.252							
428.80	34.332							
428.90	34.413							
429.00	34.494							
429.10	34.575							
429.20	34.656							
429.30	34.737							
429.40	34.818							
429.50	34.899							
429.60	34.980							
429.70	35.061							
429.80	35.142							
429.90	35.223							
430.00	35.304							
430.10	35.385							
430.20	35.466							
430.30	35.547							
430.40	35.628							
430.50	35.709							
430.60	35.790							
430.70	35.871							
430.80	35.953							
430.90	36.034							
431.00	36.115							
431.10	36.196							
431.20	36.278							
431.30	36.359							
431.40	36.440							
431.50	36.521							
431.60	36.603							
431.70	36.684							
431.80	36.765							
431.90	36.847							
432.00	36.928							
432.10	37.009							
432.20	37.091							
432.30	37.172							
432.40	37.254							
432.50	37.335							
432.60	37.416							
432.70	37.498							
432.80	37.579							
432.90	37.661							
433.00	37.742							
433.10	37.824							
433.20	37.905							
433.30	37.987							
433.40	38.068							
433.50	38.150							
433.60	38.231							
433.70	38.313							
433.80	38.394							
433.90	38.476							
434.00	38.557							
434.10	38.639							
434.20	38.720							
434.30	38.802							
434.40	38.883							
434.50	38.965							
434.60	39.047							
434.70	39.128							
434.80	39.210							
434.90	39.291							
435.00	39.373							
435.10	39.455							
435.20	39.536							
435.30	39.618							
435.40	39.699							
435.50	39.781							
435.60	39.863							
435.70	39.944							
435.80	40.026							
435.90	40.107							
436.00	40.189							
436.10	40.271							
436.20	40.352							
436.30	40.434							
436.40	40.515							
436.50	40.597							
436.60	40.679							
436.70	40.760							
436.80	40.842							
436.90	40.923							
437.00	41.005							
437.10	41.087							
437.20	41.168							
437.30	41.250							
437.40	41.331							
437.50	41.413							
437.60	41.495							
437.70	41.576							
437.80	41.658							
437.90	41.739							
438.00	41.821							
438.10	41.902							
438.20	41.984							
438.30	42.065							
438.40	42.147							
438.50	42.228							
438.60	42.310							
438.70	42.391							
438.80	42.473							
438.90	42.554							
439.00	42.636							
439.10	42.717							
439.20	42.799							
439.30	42.880							
439.40	42.962							
439.50	43.043							
439.60	43.125							
439.70	43.206							
439.80	43.287							
439.90	43.369							
440.00	43.450							
440.10	43.532							
440.20	43.613							
440.30	43.694							
440.40	43.776							
440.50	43.857							
440.60	43.938							
440.70	44.020							
440.80	44.101							
440.90	44.182							
441.00	44.263							
441.10	44.345							
441.20	44.426							
441.30	44.507							
441.40	44.588							
441.50	44.670							
441.60	44.751							
441.70	44.832							
441.80	44.913							
441.90	44.994							
442.00	45.075							
442.10	45.156							
442.20	45.237							
442.30	45.318							
442.40	45.399							
442.50	45.480							
442.60	45.561							
442.70	45.642							
442.80	45.723							
442.90	45.804							
443.00	45.885							
443.10	45.966							
443.20	46.047							
443.30	46.128							
443.40	46.209							
443.50	46.290							
443.60	46.370							
443.70	46.451							
443.80	46.532							
443.90	46.613							
444.00	46.693							
444.10	46.774							
444.20	46.855							
444.30	46.935							
444.40	47.016							
444.50	47.097							
444.60	47.177							
444.70	47.258							
444.80	47.338							
444.90	47.419							
445.00	47.499							
445.10	47.580							
445.20	47.660							
445.30	47.740							
445.40	47.821							
445.50	47.901							
445.60	47.981							
445.70	48.062							
445.80	48.142							
445.90	48.222							
446.00	48.302							
446.10	48.383							
446.20	48.463							
446.30	48.543							
446.40	48.623							
446.50	48.703							
446.60	48.783							
446.70	48.863							
446.80	48.943							
446.90	49.023							
447.00	49.103							
447.10	49.183							
447.20	49.263							
447.30	49.343							
447.40	49.422							
447.50	49.502							
447.60	49.582							
447.70	49.662							
447.80	49.741							
447.90	49.821							
448.00	49.901							
448.10	49.980							
448.20	50.060							
448.30	50.139							
448.40	50.219							
448.50	50.298							
448.60	50.378							
448.70	50.457							
448.80	50.536							
448.90	50.616							
449.00	50.695							
449.10	50.774							
449.20	50.853							
449.30	50.932							
449.40	51.012							
449.50	51.091							
449.60	51.170							
449.70	51.249							
449.80	51.328							
449.90	51.407							
450.00	51.486							
450.10	51.564							
450.20	51.643							
450.30	51.722							
450.40	51.801							
450.50	51.880							
450.60	51.958							
450.70	52.037							
450.80	52.115							
450.90	52.194							
451.00	52.273							
451.10	52.351							
451.20	52.429							
451.30	52.508							
451.40	52.586							
451.50	52.665							
451.60	52.743							
451.70	52.821							
451.80	52.899							
451.90	52.977							
452.00	53.056							
452.10	53.134							
452.20	53.212							
452.30	53.290							
452.40	53.368							
452.50	53.445							
452.60	53.523							
452.70	53.601							
452.80	53.679							
452.90	53.757							
453.00	53.834							
453.10	53.912							
453.20	53.989							
453.30	54.067							
453.40	54.144							
453.50	54.222							
453.60	54.299							
453.70	54.377							
453.80	54.454							
453.90	54.531							
454.00	54.608							
454.10	54.686							
454.20	54.763							
454.30	54.840							
454.40	54.917							
454.50	54.994							
454.60	55.071							
454.70	55.148							
454.80	55.225							
454.90	55.301							
455.00	55.378							
455.10	55.455							
455.20	55.531							
455.30	55.608							
455.40	55.685							
455.50	55.761							
455.60	55.837							
455.70	55.914							
455.80	55.990							
455.90	56.066							
456.00	56.143							
456.10	56.219							
456.20	56.295							
456.30	56.371							
456.40	56.447							
456.50	56.523							
456.60	56.599							
456.70	56.675							
456.80	56.751							
456.90	56.827							
457.00	56.902							
457.10	56.978							
457.20	57.054							
457.30	57.129							
457.40	57.205							
457.50	57.280							
457.60	57.355							
457.70	57.431							
457.80	57.506							
457.90	57.581							
458.00	57.656							
458.10	57.732							
458.20	57.807							
458.30	57.882							
458.40	57.957							
458.50	58.031							
458.60	58.106							
458.70	58.181							
458.80	58.256							
458.90	58.331							
459.00	58.405							
459.10	58.480							
459.20	58.554							
459.30	58.629							
459.40	58.703							
459.50	58.777							
459.60	58.852							
459.70	58.926							
459.80	59.000							
459.90	59.074							
460.00	59.148							
460.10	59.222							
460.20	59.296							
460.30	59.370							
460.40	59.444							
460.50	59.517							
460.60	59.591							
460.70	59.665							
460.80	59.738							
460.90	59.812							
461.00	59.885							
461.10	59.958							
461.20	60.032							
461.30	60.105							
461.40	60.178							
461.50	60.251							
461.60	60.324							
461.70	60.397							
461.80	60.470							
461.90	60.543							
462.00	60.616							
462.10	60.689							
462.20	60.761							
462.30	60.834							
462.40	60.907							
462.50	60.979							
462.60	61.052							
462.70	61.124							
462.80	61.196							
462.90	61.268							
463.00	61.341							
463.10	61.413							
463.20	61.485							
463.30	61.557							
463.40	61.629							
463.50	61.700							
463.60	61.772							
463.70	61.844							
463.80	61.916							
463.90	61.987							
464.00	62.059							
464.10	62.130							
464.20	62.202							
464.30	62.273							
464.40	62.344							
464.50	62.415							
464.60	62.486							
464.70	62.557							
464.80	62.628							
464.90	62.699							
465.00	62.770							
465.10	62.841							
465.20	62.912							
465.30	62.982							
465.40	63.053							
465.50	63.123							
465.60	63.194							
465.70	63.264							
465.80	63.334							
465.90	63.405							
466.00	63.475							
466.10	63.545							
466.20	63.615							
466.30	63.685							
466.40	63.755							
466.50	63.825							
466.60	63.894							
466.70	63.964							
466.80	64.034							
466.90	64.103							
467.00	64.173							
467.10	64.242							
467.20	64.311							
467.30	64.381							
467.40	64.450							
467.50	64.519							
467.60	64.588							
467.70	64.657							
467.80	64.726							
467.90	64.794							
468.00	64.863							
468.10	64.932							
468.20	65.000							
468.30	65.069							
468.40	65.137							
468.50	65.206							
468.60	65.274							
468.70	65.342							
468.80	65.410							
468.90	65.478							
469.00	65.546							
469.10	65.614							
469.20	65.682							
469.30	65.750							
469.40	65.818							
469.50	65.885							
469.60	65.953							
469.70	66.020							
469.80	66.088							
469.90	66.155							
470.00	66.222							
470.10	66.289							
470.20	66.357							
470.30	66.424							
470.40	66.490							
470.50	66.557							
470.60	66.624							
470.70	66.691							
470.80	66.757							
470.90	66.824							
471.00	66.891							
471.10	66.957							
471.20	67.023							
471.30	67.090							
471.40	67.156							
471.50	67.222							
471.60	67.288							
471.70	67.354							
471.80	67.420							
471.90	67.485							
472.00	67.551							
472.10	67.617							
472.20	67.682							
472.30	67.748							
472.40	67.813							
472.50	67.878							
472.60	67.944							
472.70	68.009							
472.80	68.074							
472.90	68.139							
473.00	68.204							
473.10	68.269							
473.20	68.333							
473.30	68.398							
473.40	68.463							
473.50	68.527							
473.60	68.592							
473.70	68.656							
473.80	68.720							
473.90	68.784							
474.00	68.849							
474.10	68.913							
474.20	68.977							
474.30	69.040							
474.40	69.104							
474.50	69.168							
474.60	69.231							
474.70	69.295							
474.80	69.358							
474.90	69.422							
475.00	69.485							
475.10	69.548							
475.20	69.612							
475.30	69.675							
475.40	69.738							
475.50	69.800							
475.60	69.863							
475.70	69.926							
475.80	69.989							
475.90	70.051							
476.00	70.114							
476.10	70.176							
476.20	70.238							
476.30	70.300							
476.40	70.363							
476.50	70.425							
476.60	70.487							
476.70	70.549							
476.80	70.610							
476.90	70.672							
477.00	70.734							
477.10	70.795							
477.20	70.857							
477.30	70.918							
477.40	70.979							
477.50	71.041							
477.60	71.102							
477.70	71.163							
477.80	71.224							
477.90	71.284							
478.00	71.345							
478.10	71.406							
478.20	71.467							
478.30	71.527							
478.40	71.588							
478.50	71.648							
478.60	71.708							
478.70	71.768							
478.80	71.828							
478.90	71.888							
479.00	71.948							
479.10	72.008							
479.20	72.068							
479.30	72.128							
479.40	72.187							
479.50	72.247							
479.60	72.306							
479.70	72.365							
479.80	72.425							
479.90	72.484							
480.00	72.543							
480.10	72.602							
480.20	72.661							
480.30	72.719							
480.40	72.778							
480.50	72.837							
480.60	72.895							
480.70	72.954							
480.80	73.012							
480.90	73.070							
481.00	73.128							
481.10	73.187							
481.20	73.245							
481.30	73.302							
481.40	73.360							
481.50	73.418							
481.60	73.476							
481.70	73.533							
481.80	73.591							
481.90	73.648							
482.00	73.705							
482.10	73.763							
482.20	73.820							
482.30	73.877							
482.40	73.934							
482.50	73.990							
482.60	74.047							
482.70	74.104							
482.80	74.160							
482.90	74.217							
483.00	74.273							
483.10	74.330							
483.20	74.386							
483.30	74.442							
483.40	74.498							
483.50	74.554							
483.60	74.610							
483.70	74.665							
483.80	74.721							
483.90	74.777							
484.00	74.832							
484.10	74.888							
484.20	74.943							
484.30	74.998							
484.40	75.053							
484.50	75.108							
484.60	75.163							
484.70	75.218							
484.80	75.273							
484.90	75.327							
485.00	75.382							
485.10	75.436							
485.20	75.491							
485.30	75.545							
485.40	75.599							
485.50	75.653							
485.60	75.707							
485.70	75.761							
485.80	75.815							
485.90	75.869							
486.00	75.923							
486.10	75.976							
486.20	76.030							
486.30	76.083							
486.40	76.136							
486.50	76.189							
486.60	76.243							
486.70	76.296							
486.80	76.348							
486.90	76.401							
487.00	76.454							
487.10	76.507							
487.20	76.559							
487.30	76.612							
487.40	76.664							
487.50	76.716							
487.60	76.768							
487.70	76.820							
487.80	76.872							
487.90	76.924							
488.00	76.976							
488.10	77.028							
488.20	77.079							
488.30	77.131							
488.40	77.182							
488.50	77.234							
488.60	77.285							
488.70	77.336							
488.80	77.387							
488.90	77.438							
489.00	77.489							
489.10	77.540							
489.20	77.590							
489.30	77.641							
489.40	77.691							
489.50	77.742							
489.60	77.792							
489.70	77.842							
489.80	77.892							
489.90	77.942							
490.00	77.992							
490.10	78.042							
490.20	78.092							
490.30	78.141							
490.40	78.191							
490.50	78.240							
490.60	78.289							
490.70	78.339							
490.80	78.388							
490.90	78.437							
491.00	78.486							
491.10	78.535							
491.20	78.583							
491.30	78.632							
491.40	78.681							
491.50	78.729							
491.60	78.777							
491.70	78.826							
491.80	78.874							
491.90	78.922							
492.00	78.970							
492.10	79.018							
492.20	79.066							
492.30	79.113							
492.40	79.161							
492.50	79.208							
492.60	79.256							
492.70	79.303							
492.80	79.350							
492.90	79.397							
493.00	79.445							
493.10	79.491							
493.20	79.538							
493.30	79.585							
493.40	79.632							
493.50	79.678							
493.60	79.725							
493.70	79.771							
493.80	79.817							
493.90	79.863							
494.00	79.909							
494.10	79.955							
494.20	80.001							
494.30	80.047							
494.40	80.093							
494.50	80.138							
494.60	80.184							
494.70	80.229							
494.80	80.274							
494.90	80.320							
495.00	80.365							
495.10	80.410							
495.20	80.454							
495.30	80.499							
495.40	80.544							
495.50	80.589							
495.60	80.633							
495.70	80.677							
495.80	80.722							
495.90	80.766							
496.00	80.810							
496.10	80.854							
496.20	80.898							
496.30	80.942							
496.40	80.985							
496.50	81.029							
496.60	81.073							
496.70	81.116							
496.80	81.159							
496.90	81.203							
497.00	81.246							
497.10	81.289							
497.20	81.332							
497.30	81.374							
497.40	81.417							
497.50	81.460							
497.60	81.502							
497.70	81.545							
497.80	81.587							
497.90	81.629							
498.00	81.671							
498.10	81.714							
498.20	81.755							
498.30	81.797							
498.40	81.839							
498.50	81.881							
498.60	81.922							
498.70	81.964							
498.80	82.005							
498.90	82.046							
499.00	82.087							
499.10	82.128							
499.20	82.169							
499.30	82.210							
499.40	82.251							
499.50	82.292							
499.60	82.332							
499.70	82.373							
499.80	82.413							
499.90	82.453							
500.00	82.493							
500.10	82.533							
500.20	82.573							
500.30	82.613							
500.40	82.653							
500.50	82.693							
500.60	82.732							
500.70	82.772							
500.80	82.811							
500.90	82.850							
501.00	82.889							
501.10	82.929							
501.20	82.967							
501.30	83.006							
501.40	83.045							
501.50	83.084							
501.60	83.122							
501.70	83.161							
501.80	83.199							
501.90	83.237							
502.00	83.276							
502.10	83.314							
502.20	83.352							
502.30	83.389							
502.40	83.427							
502.50	83.465							
502.60	83.502							
502.70	83.540							
502.80	83.577							
502.90	83.614							
503.00	83.652							
503.10	83.689							
503.20	83.726							
503.30	83.762							
503.40	83.799							
503.50	83.836							
503.60	83.872							
503.70	83.909							
503.80	83.945							
503.90	83.982							
504.00	84.018							
504.10	84.054							
504.20	84.090							
504.30	84.126							
504.40	84.161							
504.50	84.197							
504.60	84.232							
504.70	84.268							
504.80	84.303							
504.90	84.339							
505.00	84.374							
505.10	84.409							
505.20	84.444							
505.30	84.479							
505.40	84.513							
505.50	84.548							
505.60	84.582							
505.70	84.617							
505.80	84.651							
505.90	84.685							
506.00	84.720							
506.10	84.754							
506.20	84.788							
506.30	84.821							
506.40	84.855							
506.50	84.889							
506.60	84.922							
506.70	84.956							
506.80	84.989							
506.90	85.022							
507.00	85.055							
507.10	85.088							
507.20	85.121							
507.30	85.154							
507.40	85.187							
507.50	85.220							
507.60	85.252							
507.70	85.285							
507.80	85.317							
507.90	85.349							
508.00	85.381							
508.10	85.413							
508.20	85.445							
508.30	85.477							
508.40	85.509							
508.50	85.540							
508.60	85.572							
508.70	85.603							
508.80	85.634							
508.90	85.666							
509.00	85.697							
509.10	85.728							
509.20	85.759							
509.30	85.789							
509.40	85.820							
509.50	85.851							
509.60	85.881							
509.70	85.912							
509.80	85.942							
509.90	85.972							
510.00	86.002							
510.10	86.032							
510.20	86.062							
510.30	86.092							
510.40	86.121							
510.50	86.151							
510.60	86.181							
510.70	86.210							
510.80	86.239							
510.90	86.268							
511.00	86.297							
511.10	86.326							
511.20	86.355							
511.30	86.384							
511.40	86.413							
511.50	86.441							
511.60	86.470							
511.70	86.498							
511.80	86.526							
511.90	86.554							
512.00	86.583							
512.10	86.610							
512.20	86.638							
512.30	86.666							
512.40	86.694							
512.50	86.721							
512.60	86.749							
512.70	86.776							
512.80	86.803							
512.90	86.830							
513.00	86.857							
513.10	86.884							
513.20	86.911							
513.30	86.938							
513.40	86.965							
513.50	86.991							
513.60	87.017							
513.70	87.044							
513.80	87.070							
513.90	87.096							
514.00	87.122							
514.10	87.148							
514.20	87.174							
514.30	87.200							
514.40	87.225							
514.50	87.251							
514.60	87.276							
514.70	87.301							
514.80	87.327							
514.90	87.352							
515.00	87.377							
515.10	87.401							
515.20	87.426							
515.30	87.451							
515.40	87.476							
515.50	87.500							
515.60	87.524							
515.70	87.549							
515.80	87.573							
515.90	87.597							
516.00	87.621							
516.10	87.645							
516.20	87.668							
516.30	87.692							
516.40	87.716							
516.50	87.739							
516.60	87.763							
516.70	87.786							
516.80	87.809							
516.90	87.832							
517.00	87.855							
517.10	87.878							
517.20	87.900							
517.30	87.923							
517.40	87.946							
517.50	87.968							
517.60	87.990							
517.70	88.013							
517.80	88.035							
517.90	88.057							
518.00	88.079							
518.10	88.101							
518.20	88.122							
518.30	88.144							
518.40	88.165							
518.50	88.187							
518.60	88.208							
518.70	88.229							
518.80	88.250							
518.90	88.271							
519.00	88.292							
519.10	88.313							
519.20	88.334							
519.30	88.354							
519.40	88.375							
519.50	88.395							
519.60	88.416							
519.70	88.436							
519.80	88.456							
519.90	88.476							
520.00	88.496							
520.10	88.515							
520.20	88.535							
520.30	88.555							
520.40	88.574							
520.50	88.593							
520.60	88.613							
520.70	88.632							
520.80	88.651							
520.90	88.670							
521.00	88.689							
521.10	88.707							
521.20	88.726							
521.30	88.745							
521.40	88.763							
521.50	88.781							
521.60	88.800							
521.70	88.818							
521.80	88.836							
521.90	88.854							
522.00	88.872							
522.10	88.889							
522.20	88.907							
522.30	88.924							
522.40	88.942							
522.50	88.959							
522.60	88.976							
522.70	88.993							
522.80	89.010							
522.90	89.027							
523.00	89.044							
523.10	89.061							
523.20	89.077							
523.30	89.094							
523.40	89.110							
523.50	89.127							
523.60	89.143							
523.70	89.159							
523.80	89.175							
523.90	89.191							
524.00	89.206							
524.10	89.222							
524.20	89.238							
524.30	89.253							
524.40	89.268							
524.50	89.284							
524.60	89.299							
524.70	89.314							
524.80	89.329							
524.90	89.344							
525.00	89.358							
525.10	89.373							
525.20	89.388							
525.30	89.402							
525.40	89.416							
525.50	89.431							
525.60	89.445							
525.70	89.459							
525.80	89.473							
525.90	89.486							
526.00	89.500							
526.10	89.514							
526.20	89.527							
526.30	89.541							
526.40	89.554							
526.50	89.567							
526.60	89.580							
526.70	89.593							
526.80	89.606							
526.90	89.619							
527.00	89.632							
527.10	89.644							
527.20	89.657							
527.30	89.669							
527.40	89.681							
527.50	89.694							
527.60	89.706							
527.70	89.718							
527.80	89.730							
527.90	89.741							
528.00	89.753							
528.10	89.765							
528.20	89.776							
528.30	89.787							
528.40	89.799							
528.50	89.810							
528.60	89.821							
528.70	89.832							
528.80	89.843							
528.90	89.853							
529.00	89.864							
529.10	89.874							
529.20	89.885							
529.30	89.895							
529.40	89.905							
529.50	89.916							
529.60	89.926							
529.70	89.936							
529.80	89.945							
529.90	89.955							
530.00	89.965							
530.10	89.974							
530.20	89.984							
530.30	89.993							
530.40	90.002							
530.50	90.011							
530.60	90.020							
530.70	90.029							
530.80	90.038							
530.90	90.047							
531.00	90.055							
531.10	90.064							
531.20	90.072							
531.30	90.080							
531.40	90.088							
531.50	90.096							
531.60	90.104							
531.70	90.112							
531.80	90.120							
531.90	90.128							
532.00	90.135							
532.10	90.143							
532.20	90.150							
532.30	90.157							
532.40	90.164							
532.50	90.171							
532.60	90.178							
532.70	90.185							
532.80	90.192							
532.90	90.199							
533.00	90.205							
533.10	90.212							
533.20	90.218							
533.30	90.224							
533.40	90.230							
533.50	90.236							
533.60	90.242							
533.70	90.248							
533.80	90.254							
533.90	90.259							
534.00	90.265							
534.10	90.270							
534.20	90.275							
534.30	90.281							
534.40	90.286							
534.50	90.291							
534.60	90.296							
534.70	90.300							
534.80	90.305							
534.90	90.310							
535.00	90.314							
535.10	90.319							
535.20	90.323							
535.30	90.327							
535.40	90.331							
535.50	90.335							
535.60	90.339							
535.70	90.343							
535.80	90.346							
535.90	90.350							
536.00	90.353							
536.10	90.357							
536.20	90.360							
536.30	90.363							
536.40	90.366							
536.50	90.369							
536.60	90.372							
536.70	90.375							
536.80	90.377							
536.90	90.380							
537.00	90.382							
537.10	90.384							
537.20	90.387							
537.30	90.389							
537.40	90.391							
537.50	90.393							
537.60	90.395							
537.70	90.396							
537.80	90.398							
537.90	90.399							
538.00	90.401							
538.10	90.402							
538.20	90.403							
538.30	90.404							
538.40	90.405							
538.50	90.406							
538.60	90.407							
538.70	90.408							
538.80	90.408							
538.90	90.409							
539.00	90.409							
539.10	90.409							
539.20	90.409							
539.30	90.410							
539.40	90.410							
539.50	90.409							
539.60	90.409							
539.70	90.409							
539.80	90.408							
539.90	90.408							
